#the number of patterns to be recognized
4

#marker 1
Data/top-left.pat
20.0
0.0 0.0
1.0000 0.0000 0.0000 0.0000
0.0000 1.0000 0.0000 0.0000
0.0000 0.0000 1.0000 0.0000

#marker 2
Data/top-right.pat
20.0
0.0 0.0
1.0000 0.0000 0.0000  74.92
0.0000 1.0000 0.0000  0.0000
0.0000 0.0000 1.0000  0.0000

#marker 3
Data/bottom-right.pat
20.0
0.0 0.0
1.0000 0.0000 0.0000 74.92
0.0000 1.0000 0.0000 -118.47
0.0000 0.0000 1.0000 0.0000

#marker 4
Data/bottom-left.pat
20.0
0.0 0.0
1.0000 0.0000 0.0000 0.0000
0.0000 1.0000 0.0000 -118.47
0.0000 0.0000 1.0000 0.0000